320
240
43
3191
5
5
5
5
3191
5
5
5
5
3191
5
5
5
5
3191
5
5
5
5
3191
5
5
5
5
3191
5
5
5
5
3191
5
5
5
5
3191
5
5
5
5
3191
5
5
5
5
3191
5
5
5
5
3191
5
5
5
5
3191
5
5
5
5
3191
5
5
5
5
3191
5
5
5
5
3191
5
5
5
5
3191
5
5
5
5
3191
5
5
5
5
3191
5
5
5
5
3191
5
5
5
5
3191
5
5
5
5
3191
5
5
5
5
3191
5
5
5
5
3191
5
5
5
5
3191
5
5
5
5
3191
5
5
5
5
3191
5
5
5
5
3191
5
5
5
5
3191
5
5
5
5
3191
5
5
5
5
3191
5
5
5
5
3191
5
5
5
5
3191
5
5
5
5
3200
5
5
5
5
3196
5
5
5
5
3196
5
5
5
5
3244
5
5
5
5
3246
5
5
5
5
3248
5
5
5
5
3196
5
5
5
5
3244
5
5
5
5
3246
5
5
5
5
3248
5
5
5
5
3196
5
5
5
5
3196
5
5
5
5
3204
5
5
5
5
3191
5
5
5
5
3191
5
5
5
5
3192
5
5
5
5
3201
5
5
5
20
3197
5
20
5
20
3245
5
20
5
20
3247
5
20
5
20
3249
5
20
5
20
3197
5
20
5
20
3245
5
20
5
20
3247
5
20
5
20
3249
5
20
5
20
3197
5
20
5
20
3205
5
20
5
5
3195
5
5
5
5
3191
5
5
5
5
3191
5
5
5
5
3220
5
5
5
5
3193
5
5
20
20
3190
20
20
20
20
3285
20
20
5
5
3282
5
5
5
5
3190
20
20
20
20
3190
20
20
20
20
3190
20
20
20
20
3190
20
20
20
20
3190
20
20
20
20
3190
20
20
20
20
3194
20
20
5
5
3222
5
5
5
5
3191
5
5
5
5
3191
5
5
5
5
3221
5
5
5
5
3193
5
5
20
20
3190
20
20
20
20
3310
20
20
5
5
3283
5
5
5
5
3190
20
20
20
20
3190
20
20
20
20
3190
20
20
20
20
3190
20
20
20
20
3190
20
20
20
20
3190
20
20
20
20
3194
20
20
5
5
3223
5
5
5
5
3191
5
5
5
5
3191
5
5
5
5
3192
5
5
5
5
3193
5
5
20
20
3190
20
20
20
20
3286
20
20
5
5
3283
5
5
5
5
3190
20
20
20
20
603
21
21
21
21
606
21
21
21
21
606
21
21
21
21
609
21
21
21
21
3190
20
20
20
20
3238
20
20
5
5
3241
5
5
5
5
3191
5
5
5
5
3191
5
5
5
5
3192
5
5
5
5
3193
5
5
20
20
3190
20
20
20
20
3286
20
20
5
5
3283
5
5
5
5
3190
20
20
20
20
604
21
21
21
21
607
21
21
21
21
607
21
21
21
21
610
21
21
21
21
3190
20
20
20
20
3239
20
20
5
5
3242
5
5
5
5
3191
5
5
5
5
3191
5
5
5
5
3192
5
5
5
5
3193
5
5
20
20
3190
20
20
20
20
3311
20
20
5
5
3283
5
5
5
5
3190
20
20
20
20
604
21
21
21
21
607
21
21
21
21
607
21
21
21
21
610
21
21
21
21
3190
20
20
20
20
3240
20
20
5
5
3243
5
5
5
5
3191
5
5
5
5
3191
5
5
5
5
3220
5
5
5
5
3193
5
5
20
20
3190
20
20
20
20
3286
20
20
5
5
3283
5
5
5
5
3190
20
20
20
20
604
21
21
21
21
607
21
21
21
21
607
21
21
21
21
610
21
21
21
21
3190
20
20
20
20
3214
20
20
5
20
3216
5
20
5
20
3191
5
5
5
5
3191
5
5
5
5
3221
5
5
5
5
3193
5
5
20
20
3190
20
20
20
20
3286
20
20
5
5
3283
5
5
5
5
3190
20
20
20
20
604
21
21
21
21
607
21
21
21
21
607
21
21
21
21
610
21
21
21
21
3190
20
20
20
20
3215
20
20
20
5
3217
20
5
20
5
3191
5
5
5
5
3191
5
5
5
5
3192
5
5
5
5
3193
5
5
20
20
3190
20
20
20
20
3312
20
20
5
5
3283
5
5
5
5
3190
20
20
20
20
604
21
21
21
21
607
21
21
21
21
607
21
21
21
21
610
21
21
21
21
3190
20
20
20
20
3238
20
20
5
5
3241
5
5
5
5
3191
5
5
5
5
3191
5
5
5
5
3192
5
5
5
5
3193
5
5
20
20
3190
20
20
20
20
3286
20
20
5
5
3283
5
5
5
5
3190
20
20
20
20
604
21
21
21
21
607
21
21
21
21
607
21
21
21
21
610
21
21
21
21
3190
20
20
20
20
3239
20
20
5
5
3242
5
5
5
5
3191
5
5
5
5
3191
5
5
5
5
3192
5
5
5
5
3193
5
5
20
20
3190
20
20
20
20
3286
20
20
5
5
3283
5
5
5
5
3190
20
20
20
20
605
21
21
21
21
608
21
21
21
21
608
21
21
21
21
611
21
21
21
21
3190
20
20
20
20
3240
20
20
5
5
3243
5
5
5
5
3191
5
5
5
5
3191
5
5
5
5
3220
5
5
5
5
3193
5
5
20
20
3190
20
20
20
20
3286
20
20
5
5
3283
5
5
5
5
3190
20
20
20
20
3190
20
20
20
20
3190
20
20
20
20
3190
20
20
20
20
3190
20
20
20
20
3190
20
20
20
20
3194
20
20
5
5
3222
5
5
5
5
3191
5
5
5
5
3191
5
5
5
5
3221
5
5
5
5
3193
5
5
20
20
3190
20
20
20
20
3287
20
20
5
5
3284
5
5
5
5
3190
20
20
20
20
3190
20
20
20
20
3190
20
20
20
20
3190
20
20
20
20
3190
20
20
20
20
3190
20
20
20
20
3194
20
20
5
5
3223
5
5
5
5
3191
5
5
5
5
3191
5
5
5
5
3192
5
5
5
5
3202
5
5
20
5
3198
20
5
20
5
3250
20
5
20
5
3252
20
5
20
5
3254
20
5
20
5
3198
20
5
20
5
3250
20
5
20
5
3252
20
5
20
5
3254
20
5
20
5
3198
20
5
20
5
3206
20
5
5
5
3195
5
5
5
5
3191
5
5
5
5
3191
5
5
5
5
3203
5
5
5
5
3199
5
5
5
5
3199
5
5
5
5
3251
5
5
5
5
3253
5
5
5
5
3255
5
5
5
5
3199
5
5
5
5
3251
5
5
5
5
3253
5
5
5
5
3255
5
5
5
5
3199
5
5
5
5
3199
5
5
5
5
3207
5
5
5
5
3191
5
5
5
5
3191
5
5
5
5
3191
5
5
5
5
3191
5
5
5
5
3191
5
5
5
5
3191
5
5
5
5
3191
5
5
5
5
3191
5
5
5
5
3191
5
5
5
5
3191
5
5
5
5
3191
5
5
5
5
3191
5
5
5
5
3191
5
5
5
5
3191
5
5
5
5
3191
5
5
5
5
3191
5
5
5
5
3191
5
5
5
5
3191
5
5
5
5
3191
5
5
5
5
3191
5
5
5
5
3191
5
5
5
5
3191
5
5
5
5
3191
5
5
5
5
3191
5
5
5
5
3191
5
5
5
5
3191
5
5
5
5
3191
5
5
5
5
3191
5
5
5
5
3191
5
5
5
5
3191
5
5
5
5
2
9
14
3218
10
14
3219
