320
240
71
3191
5
5
5
5
3191
5
5
5
5
3191
5
5
5
5
3191
5
5
5
5
3191
5
5
5
5
3191
5
5
5
5
3191
5
5
5
5
3191
5
5
5
5
3191
5
5
5
5
3191
5
5
5
5
3191
5
5
5
5
3191
5
5
5
5
3191
5
5
5
5
3191
5
5
5
5
3191
5
5
5
5
3191
5
5
5
5
3191
5
5
5
5
3191
5
5
5
5
3191
5
5
5
5
3191
5
5
5
5
3191
5
5
5
5
3191
5
5
5
5
3191
5
5
5
5
3191
5
5
5
5
3191
5
5
5
5
3191
5
5
5
5
3191
5
5
5
5
3191
5
5
5
5
3191
5
5
5
5
3191
5
5
5
5
3191
5
5
5
5
3191
5
5
5
5
3200
5
5
5
5
3196
5
5
5
5
3196
5
5
5
5
3224
5
5
5
5
3225
5
5
5
5
3196
5
5
5
5
3196
5
5
5
5
3196
5
5
5
5
3224
5
5
5
5
3225
5
5
5
5
3196
5
5
5
5
3196
5
5
5
5
3204
5
5
5
5
3191
5
5
5
5
3191
5
5
5
5
3192
5
5
5
5
3201
5
5
5
20
3197
5
20
5
20
3197
5
20
5
20
3197
5
20
5
20
3197
5
20
5
20
3197
5
20
5
20
3197
5
20
5
20
3197
5
20
5
20
3197
5
20
5
20
3197
5
20
5
20
3205
5
20
5
5
3195
5
5
5
5
3191
5
5
5
5
3191
5
5
5
5
3192
5
5
5
5
3324
5
5
20
20
3282
5
5
5
5
3190
20
20
20
20
3190
20
20
20
20
3190
20
20
20
20
3190
20
20
20
20
3190
20
20
20
20
3190
20
20
20
20
3190
20
20
20
20
3190
20
20
20
20
3194
20
20
5
5
3195
5
5
5
5
3191
5
5
5
5
3191
5
5
5
5
3220
5
5
5
5
3325
20
20
5
5
3283
5
5
5
5
3333
19
19
19
19
3288
16
16
16
16
3190
20
20
20
20
3190
20
20
20
20
3190
20
20
20
20
3256
16
16
16
16
3259
16
16
16
16
3190
20
20
20
20
3238
20
20
5
5
3241
5
5
5
5
3191
5
5
5
5
3191
5
5
5
5
3221
5
5
5
5
3325
20
20
5
5
3283
5
5
5
5
3333
19
19
19
19
3288
16
16
16
16
3190
20
20
20
20
3190
20
20
20
20
3190
20
20
20
20
3257
16
16
16
16
3260
16
16
16
16
3190
20
20
20
20
3239
20
20
5
5
3242
5
5
5
5
3191
5
5
5
5
3191
5
5
5
5
3192
5
5
5
5
3325
5
5
20
20
3283
5
5
5
5
3333
19
19
19
19
3288
16
16
16
16
3190
20
20
20
20
3190
20
20
20
20
3190
20
20
20
20
3258
16
16
16
16
3261
16
16
16
16
3190
20
20
20
20
3240
20
20
5
5
3243
5
5
5
5
3191
5
5
5
5
3191
5
5
5
5
3192
5
5
5
5
3325
5
5
20
20
3283
5
5
5
5
3333
19
19
19
19
3288
16
16
16
16
3190
20
20
20
20
3190
20
20
20
20
3190
20
20
20
20
3190
20
20
20
20
3190
20
20
20
20
3190
20
20
20
20
3194
20
20
5
5
3195
5
5
5
5
3191
5
5
5
5
3191
5
5
5
5
3220
5
5
5
5
3326
20
20
5
5
3284
5
5
5
5
3288
16
16
16
16
3288
16
16
16
16
3190
20
20
20
20
3190
20
20
20
20
3190
20
20
20
20
3190
20
20
20
20
3190
20
20
20
20
3190
20
20
20
20
3214
20
20
5
20
3216
5
20
5
20
3191
5
5
5
5
3191
5
5
5
5
3221
5
5
5
5
3193
5
5
20
20
3190
20
20
20
20
3190
20
20
20
20
3190
20
20
20
20
3190
20
20
20
20
603
21
21
21
21
606
21
21
21
21
606
21
21
21
21
609
21
21
21
21
3190
20
20
20
20
3215
20
20
20
5
3217
20
5
20
5
3191
5
5
5
5
3191
5
5
5
5
3192
5
5
5
5
3193
5
5
20
20
3190
20
20
20
20
3190
20
20
20
20
3190
20
20
20
20
3190
20
20
20
20
604
21
21
21
21
607
21
21
21
21
607
21
21
21
21
610
21
21
21
21
3190
20
20
20
20
3194
20
20
5
5
3195
5
5
5
5
3191
5
5
5
5
3191
5
5
5
5
3192
5
5
5
5
3193
5
5
20
20
3190
20
20
20
20
3190
20
20
20
20
3190
20
20
20
20
3190
20
20
20
20
604
21
21
21
21
607
21
21
21
21
607
21
21
21
21
610
21
21
21
21
3190
20
20
20
20
3238
20
20
5
5
3241
5
5
5
5
3191
5
5
5
5
3191
5
5
5
5
3220
5
5
5
5
3193
5
5
20
20
3190
20
20
20
20
3285
20
20
5
5
3282
5
5
5
5
3190
20
20
20
20
604
21
21
21
21
607
21
21
21
21
607
21
21
21
21
610
21
21
21
21
3190
20
20
20
20
3239
20
20
5
5
3242
5
5
5
5
3191
5
5
5
5
3191
5
5
5
5
3221
5
5
5
5
3193
5
5
20
20
3190
20
20
20
20
3286
20
20
5
5
3283
5
5
5
5
3190
20
20
20
20
605
21
21
21
21
608
21
21
21
21
608
21
21
21
21
611
21
21
21
21
3190
20
20
20
20
3240
20
20
5
5
3243
5
5
5
5
3191
5
5
5
5
3191
5
5
5
5
3192
5
5
5
5
3193
5
5
20
20
3190
20
20
20
20
3287
20
20
5
5
3284
5
5
5
5
3190
20
20
20
20
3190
20
20
20
20
3190
20
20
20
20
3190
20
20
20
20
3190
20
20
20
20
3190
20
20
20
20
3194
20
20
5
5
3195
5
5
5
5
3191
5
5
5
5
3191
5
5
5
5
3192
5
5
5
5
3202
5
5
20
5
3198
20
5
20
5
3198
20
5
20
5
3198
20
5
20
5
3198
20
5
20
5
3198
20
5
20
5
3198
20
5
20
5
3198
20
5
20
5
3198
20
5
20
5
3198
20
5
20
5
3206
20
5
5
5
3195
5
5
5
5
3191
5
5
5
5
3191
5
5
5
5
3203
5
5
5
5
3199
5
5
5
5
3199
5
5
5
5
3226
5
5
5
5
3227
5
5
5
5
3199
5
5
5
5
3199
5
5
5
5
3199
5
5
5
5
3226
5
5
5
5
3227
5
5
5
5
3199
5
5
5
5
3199
5
5
5
5
3207
5
5
5
5
3191
5
5
5
5
3191
5
5
5
5
3191
5
5
5
5
3191
5
5
5
5
3191
5
5
5
5
3191
5
5
5
5
3191
5
5
5
5
3191
5
5
5
5
3191
5
5
5
5
3191
5
5
5
5
3191
5
5
5
5
3191
5
5
5
5
3191
5
5
5
5
3191
5
5
5
5
3191
5
5
5
5
3191
5
5
5
5
3191
5
5
5
5
3191
5
5
5
5
3191
5
5
5
5
3191
5
5
5
5
3191
5
5
5
5
3191
5
5
5
5
3191
5
5
5
5
3191
5
5
5
5
3191
5
5
5
5
3191
5
5
5
5
3191
5
5
5
5
3191
5
5
5
5
3191
5
5
5
5
3191
5
5
5
5
6
9
14
3218
10
14
3219
13
4
3327
13
5
3329
14
4
3328
14
5
3330
