320
240
21
2950
5
5
5
5
2950
5
5
5
5
2950
5
5
5
5
2950
5
5
5
5
2950
5
5
5
5
2950
5
5
5
5
2950
5
5
5
5
2950
5
5
5
5
2950
5
5
5
5
2950
5
5
5
5
2950
5
5
5
5
2950
5
5
5
5
2950
5
5
5
5
2950
5
5
5
5
2950
5
5
5
5
2950
5
5
5
5
2950
5
5
5
5
2950
5
5
5
5
2950
5
5
5
5
2950
5
5
5
5
2950
5
5
5
5
2950
5
5
5
5
2950
5
5
5
5
2950
5
5
5
5
2950
5
5
5
5
2950
5
5
5
5
2950
5
5
5
5
2950
5
5
5
5
2950
5
5
5
5
2950
5
5
5
5
2950
5
5
5
5
2959
5
5
5
5
2955
5
5
5
5
2955
5
5
5
5
2955
5
5
5
5
2955
5
5
5
5
2955
5
5
5
5
2955
5
5
5
5
2955
5
5
5
5
2955
5
5
5
5
2955
5
5
5
5
2955
5
5
5
5
2964
5
5
5
5
2950
5
5
5
5
2950
5
5
5
5
2950
5
5
5
5
2951
5
5
5
5
2960
5
5
5
2
2956
5
2
5
2
2956
5
2
5
2
2956
5
2
5
2
2956
5
2
5
2
2956
5
2
5
2
2956
5
2
5
2
2956
5
2
5
2
2956
5
2
5
2
2963
5
2
5
5
2954
5
5
5
5
2950
5
5
5
5
2950
5
5
5
5
2950
5
5
5
5
2951
5
5
5
5
2952
5
5
2
2
1936
5
5
5
5
282
2
2
2
2
282
2
2
2
2
282
2
2
2
2
282
2
2
2
2
282
2
2
2
2
282
2
2
2
2
282
2
2
2
2
2953
2
2
5
5
2969
5
5
5
5
2955
5
5
5
5
2964
5
5
5
5
2950
5
5
5
5
2951
5
5
5
5
2952
5
5
2
2
282
2
2
2
2
282
2
2
2
2
282
2
2
2
2
282
2
2
2
2
282
2
2
2
2
282
2
2
2
2
282
2
2
2
2
282
2
2
2
2
2970
2
2
5
2
2956
5
2
5
2
2963
5
2
5
5
2954
5
5
5
5
2950
5
5
5
5
2951
5
5
5
5
2952
5
5
2
2
282
2
2
2
2
282
2
2
2
2
282
2
2
2
2
282
2
2
2
2
282
2
2
2
2
282
2
2
2
2
282
2
2
2
2
282
2
2
2
2
282
2
2
2
2
282
2
2
2
2
2953
2
2
5
5
2954
5
5
5
5
2950
5
5
5
5
2951
5
5
5
5
2952
5
5
2
2
282
2
2
2
2
282
2
2
2
2
282
2
2
2
2
282
2
2
2
2
282
2
2
2
2
282
2
2
2
2
282
2
2
2
2
282
2
2
2
2
282
2
2
2
2
282
2
2
2
2
2953
2
2
5
5
2954
5
5
5
5
2950
5
5
5
5
2951
5
5
5
5
2952
5
5
2
2
282
2
2
2
2
282
2
2
2
2
282
2
2
2
2
282
2
2
2
2
282
2
2
2
2
282
2
2
2
2
282
2
2
2
2
282
2
2
2
2
282
2
2
2
2
282
2
2
2
2
2953
2
2
5
5
2954
5
5
5
5
2950
5
5
5
5
2951
5
5
5
5
2952
5
5
2
2
3143
19
19
19
19
282
2
2
2
2
282
2
2
2
2
3186
5
5
5
5
3188
5
5
19
19
282
2
2
2
2
282
2
2
2
2
282
2
2
2
2
282
2
2
2
2
282
2
2
2
2
2981
2
2
5
2
2983
5
2
5
2
2950
5
5
5
5
2951
5
5
5
5
2952
5
5
2
2
3143
19
19
19
19
282
2
2
2
2
282
2
2
2
2
3187
5
5
5
5
3189
5
5
19
19
282
2
2
2
2
282
2
2
2
2
282
2
2
2
2
282
2
2
2
2
282
2
2
2
2
2982
2
2
2
5
2984
2
5
2
5
2950
5
5
5
5
2951
5
5
5
5
2952
5
5
2
2
282
2
2
2
2
282
2
2
2
2
282
2
2
2
2
282
2
2
2
2
282
2
2
2
2
282
2
2
2
2
282
2
2
2
2
282
2
2
2
2
282
2
2
2
2
282
2
2
2
2
2953
2
2
5
5
2954
5
5
5
5
2950
5
5
5
5
2951
5
5
5
5
2952
5
5
2
2
282
2
2
2
2
282
2
2
2
2
282
2
2
2
2
282
2
2
2
2
282
2
2
2
2
282
2
2
2
2
282
2
2
2
2
282
2
2
2
2
282
2
2
2
2
282
2
2
2
2
2953
2
2
5
5
2954
5
5
5
5
2950
5
5
5
5
2951
5
5
5
5
2952
5
5
2
2
282
2
2
2
2
282
2
2
2
2
282
2
2
2
2
282
2
2
2
2
282
2
2
2
2
282
2
2
2
2
282
2
2
2
2
282
2
2
2
2
282
2
2
2
2
282
2
2
2
2
2953
2
2
5
5
2954
5
5
5
5
2950
5
5
5
5
2951
5
5
5
5
2952
5
5
2
2
282
2
2
2
2
282
2
2
2
2
282
2
2
2
2
282
2
2
2
2
282
2
2
2
2
282
2
2
2
2
282
2
2
2
2
282
2
2
2
2
2967
2
2
2
5
2957
2
5
2
5
2965
2
5
5
5
2954
5
5
5
5
2950
5
5
5
5
2951
5
5
5
5
2952
5
5
2
2
1936
5
5
5
5
282
2
2
2
2
282
2
2
2
2
282
2
2
2
2
282
2
2
2
2
282
2
2
2
2
282
2
2
2
2
282
2
2
2
2
2953
2
2
5
5
2968
5
5
5
5
2958
5
5
5
5
2966
5
5
5
5
2950
5
5
5
5
2951
5
5
5
5
2962
5
5
2
5
2957
2
5
2
5
2957
2
5
2
5
2957
2
5
2
5
2957
2
5
2
5
2957
2
5
2
5
2957
2
5
2
5
2957
2
5
2
5
2957
2
5
2
5
2965
2
5
5
5
2954
5
5
5
5
2950
5
5
5
5
2950
5
5
5
5
2950
5
5
5
5
2961
5
5
5
5
2958
5
5
5
5
2958
5
5
5
5
2958
5
5
5
5
2958
5
5
5
5
2958
5
5
5
5
2958
5
5
5
5
2958
5
5
5
5
2958
5
5
5
5
2958
5
5
5
5
2958
5
5
5
5
2966
5
5
5
5
2950
5
5
5
5
2950
5
5
5
5
2950
5
5
5
5
2950
5
5
5
5
2950
5
5
5
5
2950
5
5
5
5
2950
5
5
5
5
2950
5
5
5
5
2950
5
5
5
5
2950
5
5
5
5
2950
5
5
5
5
2950
5
5
5
5
2950
5
5
5
5
2950
5
5
5
5
2950
5
5
5
5
2950
5
5
5
5
2950
5
5
5
5
2950
5
5
5
5
2950
5
5
5
5
2950
5
5
5
5
2950
5
5
5
5
2950
5
5
5
5
2950
5
5
5
5
2950
5
5
5
5
2950
5
5
5
5
2950
5
5
5
5
2950
5
5
5
5
2950
5
5
5
5
2950
5
5
5
5
2950
5
5
5
5
2950
5
5
5
5
2950
5
5
5
5
2
9
14
2985
10
14
2986
